Indiv Anc0 Anc1 Anc2 
NA112082_A 0.213465 0.753778 0.0327564 
NA112082_B 0.21983 0.750981 0.029189 
NA112081_A 0.304814 0.623859 0.0713274 
NA112081_B 0.0689963 0.597996 0.333008 
NA112080_A 0.0441049 0.637555 0.31834 
NA112080_B 0.366387 0.609662 0.0239517 
NA111009_A 0.356498 0.552898 0.0906042 
NA111009_B 0.215376 0.461651 0.322974 
NA111008_A 0.279695 0.632502 0.0878028 
NA111008_B 0.356498 0.552898 0.0906042 
NA111007_A 0.104808 0.487153 0.408039 
NA111007_B 0.20362 0.687744 0.108636 
NA111069_A 0.223015 0.60034 0.176645 
NA111069_B 0.0592412 0.368138 0.572621 
NA111004_A 0.146257 0.592074 0.261669 
NA111004_B 0.214286 0.597148 0.188565 
NA111068_A 0.0747748 0.854566 0.070659 
NA111068_B 0.199385 0.77465 0.025965 
NA111003_A 0.275564 0.651217 0.0732193 
NA111003_B 0.21983 0.750981 0.029189 
NA111067_A 0.195849 0.507259 0.296892 
NA111067_B 0.162956 0.758696 0.0783487 
NA111002_A 0.256056 0.490315 0.253629 
NA111002_B 0.224383 0.692672 0.082945 
NA111066_A 0.16767 0.65391 0.17842 
NA111066_B 0.000374781 0.637391 0.362234 
NA111064_A 0.254666 0.633715 0.111619 
NA111064_B 0.203462 0.492609 0.303929 
NA111063_A 0.162956 0.758696 0.0783487 
NA111063_B 0.186329 0.800857 0.0128134 
NA111062_A 0.167856 0.785793 0.0463502 
NA111062_B 0.308059 0.504477 0.187464 
NA112079_A 0.152015 0.590773 0.257212 
NA112079_B 0.0697021 0.790093 0.140204 
NA112078_A 0.254666 0.633715 0.111619 
NA112078_B 0.410667 0.190395 0.398939 
NA112077_A 0.23898 0.516163 0.244857 
NA112077_B 0.351558 0.621487 0.026955 
NA112076_A 0.275564 0.651217 0.0732193 
NA112076_B 0.000127073 0.80786 0.192013 
NA112075_A 0.241353 0.745858 0.0127889 
NA112075_B 0.155636 0.800359 0.0440051 
NA112074_A 0.216591 0.739932 0.0434772 
NA112074_B 0.188724 0.579578 0.231698 
NA112073_A 0.261885 0.518228 0.219887 
NA112073_B 0.346295 0.588475 0.0652294 
NA112072_A 0.356498 0.552898 0.0906042 
NA112072_B 0.286314 0.530774 0.182912 
NA112071_A 0.250196 0.698995 0.0508083 
NA112071_B 0.0928114 0.885176 0.0220125 
NA112070_A 0.143314 0.617303 0.239383 
NA112070_B 0.254666 0.633715 0.111619 
NA112006_A 0.417762 0.527795 0.0544425 
NA112006_B 0.12573 0.608256 0.266014 
NA112069_A 0.238495 0.484271 0.277235 
NA112069_B 0.174688 0.46245 0.362862 
NA112005_A 0.252153 0.705381 0.0424667 
NA112005_B 0.500578 0.304245 0.195177 
NA112068_A 0.276098 0.533547 0.190354 
NA112068_B 0.394079 0.0352304 0.57069 
NA112004_A 0.320659 0.525315 0.154026 
NA112004_B 0.373856 0.324093 0.302051 
NA111081_A 0.311409 0.313904 0.374686 
NA111081_B 0.417762 0.527795 0.0544425 
NA112002_A 0.182917 0.631461 0.185622 
NA112002_B 0.233207 0.61489 0.151903 
NA112066_A 0.23971 0.549194 0.211095 
NA112066_B 0.293809 0.629091 0.0770993 
NA111080_A 0.346396 0.566296 0.0873083 
NA111080_B 0.187371 0.643463 0.169166 
NA112001_A 0.203473 0.641535 0.154992 
NA112001_B 0.417014 0.316722 0.266263 
NA112064_A 0.293969 0.695703 0.010328 
NA112064_B 0.215275 0.678034 0.106691 
NA112063_A 0.32026 0.653896 0.0258444 
NA112063_B 0.285755 0.651112 0.0631333 
NA112062_A 0.399003 0.139064 0.461933 
NA112062_B 0.205088 0.611316 0.183596 
NA112061_A 0.262332 0.527769 0.209899 
NA112061_B 0.0906155 0.574455 0.33493 
NA112060_A 0.200572 0.546658 0.25277 
NA112060_B 0.205219 0.637254 0.157527 
NA111079_A 0.326488 0.592466 0.0810463 
NA111079_B 0.0976362 0.841573 0.0607911 
NA111078_A 0.0693113 0.788157 0.142531 
NA111078_B 0.210066 0.635346 0.154589 
NA111077_A 0.0697021 0.790093 0.140204 
NA111077_B 0.204873 0.615224 0.179902 
NA111076_A 0.118097 0.627009 0.254894 
NA111076_B 0.0988797 0.647539 0.253581 
NA111010_A 0.365117 0.606611 0.0282728 
NA111010_B 0.160674 0.512815 0.326511 
NA111073_A 0.155245 0.341089 0.503666 
NA111073_B 0.0988797 0.647539 0.253581 
NA111072_A 0.279695 0.632502 0.0878028 
NA111072_B 0.0781984 0.88196 0.0398419 
NA111071_A 0.224383 0.692672 0.082945 
NA111071_B 0.161127 0.81126 0.0276135 
NA111070_A 0.231046 0.564396 0.204558 
NA111070_B 0.157142 0.766758 0.0761002 
NA122079_A 0.31331 0.555462 0.131228 
NA122079_B 0.255532 0.501151 0.243317 
NA122078_A 0.239773 0.48073 0.279497 
NA122078_B 0.308883 0.533987 0.15713 
NA122077_A 0.207126 0.736002 0.0568725 
NA122077_B 0.256219 0.622622 0.121159 
NA122076_A 0.189716 0.785222 0.0250621 
NA122076_B 0.0941115 0.900703 0.00518581 
NA122075_A 0.297602 0.640978 0.0614194 
NA122075_B 0.317607 0.181124 0.50127 
NA122074_A 0.128667 0.820801 0.0505317 
NA122074_B 0.139928 0.650301 0.20977 
NA122073_A 0.080563 0.882029 0.0374076 
NA122073_B 0.265196 0.656508 0.0782954 
NA122072_A 0.357014 0.558163 0.0848232 
NA122072_B 0.132022 0.814222 0.0537562 
NA121084_A 0.0727134 0.690422 0.236865 
NA121084_B 0.29338 0.247894 0.458726 
NA121083_A 0.233335 0.652607 0.114057 
NA121083_B 0.108972 0.557936 0.333093 
NA121050_A 0.249722 0.544202 0.206075 
NA121050_B 0.270635 0.635436 0.0939289 
NA121082_A 0.186222 0.665999 0.147779 
NA121082_B 0.200848 0.545782 0.253371 
NA122061_A 0.208621 0.564083 0.227296 
NA122061_B 0.31289 0.676737 0.0103728 
NA122060_A 0.327249 0.652534 0.0202166 
NA122060_B 0.217497 0.779773 0.00273004 
NA121079_A 0.0333415 0.800554 0.166105 
NA121079_B 0.00830812 0.701205 0.290487 
NA121078_A 0.236236 0.620401 0.143363 
NA121078_B 0.0755008 0.741457 0.183043 
NA121077_A 0.271805 0.638968 0.0892272 
NA121077_B 0.180641 0.654854 0.164505 
NA121044_A 0.245535 0.392226 0.36224 
NA121044_B 0.204873 0.615224 0.179902 
NA121076_A 0.186565 0.755796 0.0576388 
NA121076_B 0.188955 0.534209 0.276835 
NA121043_A 0.168184 0.567931 0.263885 
NA121043_B 0.243515 0.629934 0.126551 
NA121042_A 0.0941115 0.900703 0.00518581 
NA121042_B 0.0149839 0.94567 0.0393465 
NA121074_A 0.186418 0.604214 0.209368 
NA121074_B 0.362443 0.588152 0.0494049 
NA122059_A 0.0941115 0.900703 0.00518581 
NA122059_B 0.174688 0.46245 0.362862 
NA121041_A 0.238687 0.674526 0.0867868 
NA121041_B 0.216591 0.739932 0.0434772 
NA121073_A 0.231555 0.755284 0.0131608 
NA121073_B 0.189716 0.785222 0.0250621 
NA121040_A 0.0571482 0.384331 0.558521 
NA121040_B 0.108972 0.557936 0.333093 
NA122056_A 0.391645 0.579935 0.0284201 
NA122056_B 0.274234 0.504316 0.22145 
NA121070_A 0.305274 0.656694 0.0380316 
NA121070_B 0.318092 0.64241 0.0394983 
NA122055_A 0.279695 0.632502 0.0878028 
NA122055_B 0.080563 0.882029 0.0374076 
NA122054_A 0.216591 0.739932 0.0434772 
NA122054_B 0.420201 0.574554 0.00524447 
NA122085_A 0.262783 0.656811 0.0804062 
NA122085_B 0.349518 0.556209 0.0942728 
NA122021_A 0.266128 0.527985 0.205887 
NA122021_B 0.129445 0.7968 0.073755 
NA122053_A 0.259992 0.442641 0.297367 
NA122053_B 0.261885 0.518228 0.219887 
NA122084_A 0.0830857 0.591001 0.325913 
NA122084_B 0.208075 0.699935 0.0919898 
NA122020_A 0.228464 0.667395 0.10414 
NA122020_B 0.199111 0.392299 0.40859 
NA122052_A 0.186565 0.755796 0.0576388 
NA122052_B 0.186565 0.755796 0.0576388 
NA122083_A 0.228188 0.494859 0.276953 
NA122083_B 0.329019 0.516063 0.154918 
NA122051_A 0.271249 0.456398 0.272353 
NA122051_B 0.186565 0.755796 0.0576388 
NA122050_A 0.130248 0.853605 0.0161472 
NA122050_B 0.203295 0.605004 0.1917 
NA122081_A 0.228188 0.494859 0.276953 
NA122081_B 0.233443 0.532742 0.233815 
NA122080_A 0.154252 0.565952 0.279796 
NA122080_B 0.155636 0.800359 0.0440051 
NA121039_A 0.21983 0.750981 0.029189 
NA121039_B 0.327149 0.573879 0.0989725 
NA121038_A 0.0149839 0.94567 0.0393465 
NA121038_B 0.177381 0.48458 0.338039 
NA121068_A 0.204873 0.615224 0.179902 
NA121068_B 0.178249 0.799775 0.0219756 
NA121066_A 0.126728 0.83878 0.0344917 
NA121066_B 0.240375 0.597676 0.16195 
NA121065_A 0.241408 0.695705 0.0628872 
NA121065_B 0.0609636 0.86213 0.0769061 
NA121064_A 0.329626 0.632157 0.0382167 
NA121064_B 0.256056 0.490315 0.253629 
NA122049_A 0.194794 0.677541 0.127666 
NA122049_B 0.301028 0.66851 0.0304619 
NA122048_A 0.273343 0.612061 0.114596 
NA122048_B 0.263569 0.606743 0.129688 
NA121062_A 0.191591 0.706563 0.101846 
NA121062_B 0.0479608 0.735905 0.216134 
NA261016_A 0.527971 0.369212 0.102817 
NA261016_B 0.256632 0.704891 0.0384768 
NA261015_A 0.216591 0.739932 0.0434772 
NA261015_B 0.198641 0.566989 0.234369 
NA261013_A 0.0631439 0.816976 0.11988 
NA261013_B 0.2818 0.608262 0.109938 
NA261012_A 0.314387 0.524069 0.161544 
NA261012_B 0.331838 0.618059 0.0501033 
NA261011_A 0.375463 0.209263 0.415275 
NA261011_B 0.0697292 0.643375 0.286896 
NA262059_A 0.189747 0.519533 0.290721 
NA262059_B 0.398871 0.494797 0.106332 
NA261071_A 0.00467496 0.667955 0.32737 
NA261071_B 0.18453 0.654045 0.161425 
NA261070_A 0.335916 0.431254 0.23283 
NA261070_B 0.174966 0.687713 0.13732 
NA262081_A 0.303103 0.0055798 0.691317 
NA262081_B 0.238495 0.484271 0.277235 
NA262080_A 0.129246 0.565199 0.305554 
NA262080_B 0.00615854 0.866974 0.126868 
NA261068_A 0.157722 0.693625 0.148653 
NA261068_B 0.17987 0.585347 0.234782 
NA261067_A 0.420257 0.172875 0.406868 
NA261067_B 0.0550573 0.197583 0.74736 
NA261066_A 0.10509 0.833101 0.0618088 
NA261066_B 0.209299 0.586409 0.204291 
NA261065_A 0.17561 0.650168 0.174222 
NA261065_B 0.0418526 0.576548 0.3816 
NA261064_A 0.264067 0.684196 0.0517376 
NA261064_B 0.0757482 0.475961 0.448291 
NA261063_A 0.324788 0.639404 0.0358086 
NA261063_B 0.231077 0.576235 0.192688 
NA261062_A 0.0285333 0.615619 0.355847 
NA261062_B 0.282346 0.684607 0.0330467 
NA262048_A 0.434623 0.0444646 0.520913 
NA262048_B 0.241535 0.551745 0.20672 
NA262079_A 0.30082 0.514131 0.185049 
NA262079_B 0.202665 0.707066 0.0902691 
NA261061_A 0.163534 0.400935 0.435531 
NA261061_B 0.189643 0.577824 0.232533 
NA262078_A 0.254153 0.487894 0.257953 
NA262078_B 0.0542516 0.65467 0.291079 
NA262077_A 0.153298 0.762442 0.0842595 
NA262077_B 0.231046 0.564396 0.204558 
NA262076_A 0.170842 0.591638 0.23752 
NA262076_B 0.231998 0.767224 0.00077797 
NA262074_A 0.018195 0.884064 0.0977409 
NA262074_B 0.286071 0.692134 0.021795 
NA262070_A 0.00940241 0.923769 0.0668282 
NA262070_B 0.27027 0.609938 0.119792 
NA261028_A 0.329505 0.610785 0.0597099 
NA261028_B 0.305767 0.642125 0.052108 
NA261027_A 0.297646 0.693065 0.00928949 
NA261027_B 0.290798 0.160651 0.548552 
NA261026_A 0.0333415 0.800554 0.166105 
NA261026_B 0.232614 0.726385 0.041001 
NA262100_A 0.334334 0.476686 0.18898 
NA262100_B 0.214497 0.544151 0.241352 
NA261024_A 0.236458 0.659982 0.10356 
NA261024_B 0.0514883 0.497369 0.451143 
NA262009_A 0.278525 0.567495 0.15398 
NA262009_B 0.117368 0.472015 0.410617 
NA261023_A 0.176148 0.467666 0.356187 
NA261023_B 0.214286 0.597148 0.188565 
NA262008_A 0.212057 0.615035 0.172908 
NA262008_B 0.251697 0.524819 0.223484 
NA261022_A 0.189993 0.158114 0.651893 
NA261022_B 0.22682 0.565379 0.207801 
NA262007_A 0.218297 0.310716 0.470987 
NA262007_B 0.30227 0.592797 0.104933 
NA261021_A 0.0456159 0.215598 0.738787 
NA261021_B 0.239874 0.666893 0.093233 
NA262006_A 0.134308 0.79825 0.067442 
NA262006_B 0.194933 0.652962 0.152106 
NA262069_A 0.40427 0.471348 0.124382 
NA262069_B 0.190496 0.54443 0.265073 
NA262004_A 0.158598 0.562143 0.279259 
NA262004_B 0.229089 0.213372 0.557539 
NA262099_A 0.140255 0.393896 0.465849 
NA262099_B 0.0959128 0.686674 0.217413 
NA262003_A 0.0575191 0.694952 0.247529 
NA262003_B 0.0789266 0.667653 0.25342 
NA262002_A 0.236236 0.620401 0.143363 
NA262002_B 0.302991 0.516686 0.180323 
NA262065_A 0.08122 0.595253 0.323528 
NA262065_B 0.0689963 0.597996 0.333008 
NA262001_A 0.239599 0.64993 0.110471 
NA262001_B 0.150685 0.742954 0.106361 
NA262063_A 0.36627 0.16096 0.47277 
NA262063_B 0.209156 0.295552 0.495292 
NA262062_A 0.131551 0.570789 0.29766 
NA262062_B 0.344597 0.0877258 0.567677 
NA262061_A 0.0820519 0.872945 0.0450029 
NA262061_B 0.0116441 0.701835 0.28652 
NA261019_A 0.00604365 0.73158 0.262376 
NA261019_B 0.417762 0.527795 0.0544425 
NA261018_A 0.17561 0.650168 0.174222 
NA261018_B 0.10509 0.833101 0.0618088 
NA261017_A 0.203462 0.492609 0.303929 
NA261017_B 0.0666321 0.800425 0.132942 
NA301049_A 0.204873 0.615224 0.179902 
NA301049_B 0.231046 0.564396 0.204558 
NA301016_A 0.150612 0.571351 0.278037 
NA301016_B 0.23603 0.626118 0.137852 
NA301048_A 0.204873 0.615224 0.179902 
NA301048_B 0.000127073 0.80786 0.192013 
NA301015_A 0.173369 0.387862 0.43877 
NA301015_B 0.227463 0.692806 0.0797306 
NA301047_A 0.148357 0.746192 0.105451 
NA301047_B 0.214286 0.597148 0.188565 
NA301014_A 0.0411913 0.752722 0.206087 
NA301014_B 0.301712 0.604532 0.0937557 
NA301046_A 0.0970299 0.653124 0.249846 
NA301046_B 0.0682434 0.903597 0.0281596 
NA301013_A 0.266824 0.232574 0.500602 
NA301013_B 0.139077 0.669677 0.191246 
NA301012_A 0.102035 0.55987 0.338095 
NA301012_B 0.282313 0.609332 0.108355 
NA302029_A 0.00305392 0.735252 0.261694 
NA302029_B 0.118753 0.625876 0.255371 
NA302028_A 0.188555 0.546578 0.264867 
NA302028_B 0.29248 0.638501 0.0690189 
NA301010_A 0.230434 0.560205 0.209361 
NA301010_B 0.129445 0.7968 0.073755 
NA302027_A 0.000127073 0.80786 0.192013 
NA302027_B 0.0720181 0.803628 0.124354 
NA302026_A 0.118097 0.627009 0.254894 
NA302026_B 0.0976362 0.841573 0.0607911 
NA302025_A 0.00789753 0.650056 0.342047 
NA302025_B 0.177548 0.596292 0.22616 
NA302024_A 0.000127073 0.80786 0.192013 
NA302024_B 0.38082 0.385273 0.233907 
NA302023_A 0.301712 0.604532 0.0937557 
NA302023_B 0.0087286 0.77781 0.213461 
NA302022_A 0.234412 0.47733 0.288258 
NA302022_B 0.275481 0.59414 0.13038 
NA302021_A 0.208586 0.582119 0.209295 
NA302021_B 0.17561 0.650168 0.174222 
NA302020_A 0.279695 0.632502 0.0878028 
NA302020_B 0.320799 0.604692 0.0745096 
NA301009_A 0.000127073 0.80786 0.192013 
NA301009_B 0.0769559 0.522485 0.400559 
NA301008_A 0.423434 0.177784 0.398782 
NA301008_B 0.233106 0.611177 0.155718 
NA301007_A 0.261549 0.731672 0.00677885 
NA301007_B 0.0406251 0.397318 0.562057 
NA301005_A 0.145408 0.80911 0.0454813 
NA301005_B 0.0411913 0.752722 0.206087 
NA301004_A 0.174309 0.656462 0.169229 
NA301004_B 0.240946 0.587647 0.171407 
NA301002_A 0.341543 0.568504 0.0899533 
NA301002_B 0.0405343 0.632042 0.327424 
NA302019_A 0.307421 0.026095 0.666484 
NA302019_B 0.165383 0.67514 0.159478 
NA301001_A 0.260265 0.623879 0.115856 
NA301001_B 0.137086 0.700317 0.162597 
NA302018_A 0.217153 0.587659 0.195188 
NA302018_B 0.322742 0.624659 0.0525991 
NA302017_A 0.0264269 0.866064 0.107509 
NA302017_B 0.275373 0.518566 0.206061 
NA301095_A 0.393419 0.499572 0.107009 
NA301095_B 0.216559 0.72491 0.0585308 
NA302015_A 0.224729 0.528097 0.247174 
NA302015_B 0.166889 0.740914 0.0921974 
NA302014_A 0.241353 0.745858 0.0127889 
NA302014_B 0.281902 0.0519038 0.666194 
NA302013_A 0.170438 0.66773 0.161832 
NA302013_B 0.000127073 0.80786 0.192013 
NA302012_A 0.157176 0.514369 0.328456 
NA302012_B 0.327928 0.607015 0.065057 
NA302010_A 0.319348 0.619887 0.0607654 
NA302010_B 0.161127 0.81126 0.0276135 
NA301055_A 0.24323 0.65201 0.104759 
NA301055_B 0.0679205 0.864403 0.0676766 
NA302009_A 0.217153 0.587659 0.195188 
NA302009_B 0.0781984 0.88196 0.0398419 
NA301054_A 0.214286 0.597148 0.188565 
NA301054_B 0.0720181 0.803628 0.124354 
NA301053_A 0.241353 0.745858 0.0127889 
NA301053_B 0.273227 0.506979 0.219793 
NA301052_A 0.0333415 0.800554 0.166105 
NA301052_B 0.162811 0.828115 0.00907476 
NA302006_A 0.204928 0.608935 0.186137 
NA302006_B 0.000127073 0.80786 0.192013 
NA301051_A 0.11212 0.531994 0.355886 
NA301051_B 0.250953 0.604656 0.144391 
NA302005_A 0.325838 0.626739 0.0474223 
NA302005_B 0.116216 0.672959 0.210825 
NA301050_A 0.254994 0.581209 0.163797 
NA301050_B 0.188358 0.484112 0.327529 
NA302004_A 0.0720181 0.803628 0.124354 
NA302004_B 0.25179 0.717569 0.0306407 
NA302003_A 0.290052 0.620476 0.089472 
NA302003_B 0.2471 0.511087 0.241813 
NA302001_A 0.227794 0.694563 0.0776436 
NA302001_B 0.29205 0.568482 0.139468 
NA302032_A 0.209795 0.491039 0.299166 
NA302032_B 0.279695 0.632502 0.0878028 
NA302031_A 0.383566 0.499456 0.116978 
NA302031_B 0.0264269 0.866064 0.107509 
NA312087_A 0.262628 0.62026 0.117111 
NA312087_B 0.149403 0.662207 0.18839 
NA312023_A 0.223824 0.0013893 0.774787 
NA312023_B 0.187642 0.740721 0.0716365 
NA312086_A 0.240375 0.597676 0.16195 
NA312086_B 0.309914 0.551343 0.138743 
NA312022_A 0.12573 0.608256 0.266014 
NA312022_B 0.168771 0.56479 0.266438 
NA312021_A 0.209565 0.647808 0.142626 
NA312021_B 0.0322983 0.649904 0.317798 
NA312084_A 0.254666 0.633715 0.111619 
NA312084_B 0.227964 0.615309 0.156727 
NA312020_A 0.220293 0.61045 0.169258 
NA312020_B 0.267428 0.633523 0.0990493 
NA312083_A 0.288754 0.473852 0.237393 
NA312083_B 0.277299 0.599918 0.122782 
NA312082_A 0.0400453 0.82683 0.133125 
NA312082_B 0.372405 0.618103 0.00949245 
NA311009_A 0.0353707 0.483234 0.481395 
NA311009_B 0.491989 0.457994 0.0500171 
NA311008_A 0.368101 0.547196 0.0847032 
NA311008_B 0.170826 0.516903 0.312271 
NA311007_A 0.0163419 0.786034 0.197624 
NA311007_B 0.505152 0.413999 0.0808483 
NA311039_A 0.165892 0.616932 0.217177 
NA311039_B 0.204873 0.615224 0.179902 
NA311006_A 0.144521 0.521982 0.333497 
NA311006_B 0.301712 0.604532 0.0937557 
NA311038_A 0.327537 0.562078 0.110385 
NA311038_B 0.146193 0.73949 0.114316 
NA311005_A 0.145284 0.568255 0.286461 
NA311005_B 0.198031 0.55156 0.250409 
NA311037_A 0.228847 0.643412 0.127741 
NA311037_B 0.102706 0.594834 0.302461 
NA311004_A 0.0979602 0.839897 0.0621432 
NA311004_B 0.258858 0.50112 0.240022 
NA311036_A 0.0269367 0.404331 0.568732 
NA311036_B 0.279695 0.632502 0.0878028 
NA311003_A 0.157421 0.662966 0.179613 
NA311003_B 0.0624463 0.803927 0.133626 
NA311035_A 0.238046 0.575757 0.186198 
NA311035_B 0.177548 0.596292 0.22616 
NA311002_A 0.167555 0.582206 0.250239 
NA311002_B 0.08122 0.595253 0.323528 
NA311034_A 0.0448379 0.62288 0.332282 
NA311034_B 0.104118 0.830081 0.0658015 
NA312019_A 0.371532 0.597193 0.0312747 
NA312019_B 0.325511 0.644444 0.0300453 
NA311033_A 0.274412 0.647801 0.0777864 
NA311033_B 0.0984475 0.706985 0.194568 
NA312018_A 0.208278 0.604426 0.187296 
NA312018_B 0.0060004 0.562928 0.431072 
NA311032_A 0.28531 0.507948 0.206743 
NA311032_B 0.324091 0.659132 0.016777 
NA311031_A 0.109349 0.79565 0.0950007 
NA311031_B 0.258038 0.650711 0.0912513 
NA312017_A 0.081043 0.57386 0.345097 
NA312017_B 0.267157 0.647798 0.0850445 
NA311030_A 0.216688 0.599931 0.18338 
NA311030_B 0.324229 0.665574 0.0101968 
NA312016_A 0.116918 0.538223 0.344859 
NA312016_B 0.179338 0.664962 0.1557 
NA312015_A 0.104118 0.830081 0.0658015 
NA312015_B 0.28797 0.50996 0.20207 
NA312014_A 0.226774 0.614322 0.158904 
NA312014_B 0.224681 0.585486 0.189832 
NA312013_A 0.116471 0.731489 0.15204 
NA312013_B 0.174036 0.6498 0.176163 
NA312011_A 0.173614 0.793341 0.0330454 
NA312011_B 0.279124 0.56645 0.154425 
NA312010_A 0.309006 0.546065 0.144929 
NA312010_B 0.249722 0.544202 0.206075 
NA312009_A 0.155849 0.705309 0.138843 
NA312009_B 0.24971 0.674841 0.0754492 
NA312008_A 0.249334 0.612232 0.138434 
NA312008_B 0.200435 0.636366 0.163199 
NA312007_A 0.244084 0.0658453 0.690071 
NA312007_B 0.290798 0.160651 0.548552 
NA312091_A 0.0534724 0.704792 0.241735 
NA312091_B 0.26161 0.616205 0.122185 
NA312090_A 0.205088 0.611316 0.183596 
NA312090_B 0.0319963 0.582162 0.385842 
NA311016_A 0.0652468 0.907727 0.0270258 
NA311016_B 0.154252 0.565952 0.279796 
NA311015_A 0.241353 0.745858 0.0127889 
NA311015_B 0.313332 0.589763 0.0969051 
NA311014_A 0.279695 0.632502 0.0878028 
NA311014_B 0.0473243 0.733071 0.219604 
NA311013_A 0.20109 0.687595 0.111315 
NA311013_B 0.282199 0.519935 0.197867 
NA311012_A 0.143786 0.770434 0.0857801 
NA311012_B 0.165383 0.67514 0.159478 
NA311011_A 0.240375 0.597676 0.16195 
NA311011_B 0.273796 0.627636 0.0985676 
NA311010_A 0.0545481 0.402397 0.543055 
NA311010_B 0.351684 0.59664 0.051676 
NA312089_A 0.21539 0.542885 0.241725 
NA312089_B 0.0184078 0.474491 0.507101 
NA312088_A 0.0970299 0.653124 0.249846 
NA312088_B 0.166495 0.788418 0.0450871 
NA322018_A 0.452276 0.390088 0.157636 
NA322018_B 0.224726 0.692918 0.0823561 
NA321096_A 0.198377 0.50784 0.293783 
NA321096_B 0.233207 0.61489 0.151903 
NA321095_A 0.293201 0.499283 0.207516 
NA321095_B 0.267623 0.511449 0.220929 
NA322016_A 0.152015 0.590773 0.257212 
NA322016_B 0.0976362 0.841573 0.0607911 
NA321094_A 0.235688 0.639802 0.12451 
NA321094_B 0.000127073 0.80786 0.192013 
NA322015_A 0.0991872 0.528226 0.372586 
NA322015_B 0.204873 0.615224 0.179902 
NA321093_A 0.233207 0.61489 0.151903 
NA321093_B 0.0666321 0.800425 0.132942 
NA322014_A 0.238495 0.484271 0.277235 
NA322014_B 0.109756 0.865581 0.0246637 
NA321092_A 0.0264269 0.866064 0.107509 
NA321092_B 0.189747 0.519533 0.290721 
NA322013_A 0.0976362 0.841573 0.0607911 
NA322013_B 0.0468442 0.720348 0.232807 
NA321091_A 0.238495 0.484271 0.277235 
NA321091_B 0.0689963 0.597996 0.333008 
NA322012_A 0.296772 0.603466 0.0997615 
NA322012_B 0.0697021 0.790093 0.140204 
NA321090_A 0.181066 0.712327 0.106606 
NA321090_B 0.131168 0.787217 0.0816152 
NA322011_A 0.249476 0.587691 0.162833 
NA322011_B 0.181518 0.668575 0.149907 
NA322010_A 0.227463 0.692806 0.0797306 
NA322010_B 0.0970299 0.653124 0.249846 
NA321089_A 0.139928 0.650301 0.20977 
NA321089_B 0.0898688 0.880454 0.0296774 
NA322009_A 0.323159 0.661156 0.0156846 
NA322009_B 0.00267431 0.870439 0.126887 
NA322008_A 0.193632 0.601345 0.205022 
NA322008_B 0.0281348 0.865759 0.106107 
NA322007_A 0.382306 0.611253 0.00644126 
NA322007_B 0.0618942 0.854293 0.0838129 
NA321021_A 0.154004 0.619292 0.226704 
NA321021_B 0.279695 0.632502 0.0878028 
NA322006_A 0.17987 0.585347 0.234782 
NA322006_B 0.20529 0.607997 0.186713 
NA321020_A 0.417762 0.527795 0.0544425 
NA321020_B 0.250658 0.599033 0.150309 
NA322005_A 0.201557 0.592781 0.205662 
NA322005_B 0.323833 0.641815 0.0343517 
NA322004_A 0.127267 0.861726 0.0110071 
NA322004_B 0.166495 0.788418 0.0450871 
NA322003_A 0.0664872 0.48873 0.444782 
NA322003_B 0.175038 0.187072 0.63789 
NA322002_A 0.000127073 0.80786 0.192013 
NA322002_B 0.0172797 0.496622 0.486099 
NA322001_A 0.975986 0.0210113 0.00300301 
NA322001_B 0.0184078 0.474491 0.507101 
NA322092_A 0.261681 0.6503 0.0880189 
NA322092_B 0.081043 0.57386 0.345097 
NA322091_A 0.215853 0.580915 0.203232 
NA322091_B 0.278263 0.63581 0.0859265 
NA322090_A 0.193232 0.631201 0.175567 
NA322090_B 0.372529 0.128488 0.498983 
NA321018_A 0.118757 0.581241 0.300002 
NA321018_B 0.0880172 0.846063 0.0659203 
NA321017_A 0.233207 0.61489 0.151903 
NA321017_B 0.0371482 0.669577 0.293275 
NA321015_A 0.184791 0.66066 0.154549 
NA321015_B 0.00915009 0.88083 0.11002 
NA321014_A 0.284167 0.539328 0.176505 
NA321014_B 0.0697021 0.790093 0.140204 
NA321013_A 0.207949 0.488263 0.303788 
NA321013_B 0.216559 0.72491 0.0585308 
NA321045_A 0.281616 0.69761 0.0207747 
NA321045_B 0.268034 0.471271 0.260695 
NA321011_A 0.0720181 0.803628 0.124354 
NA321011_B 0.358103 0.616208 0.0256887 
NA321010_A 0.293201 0.499283 0.207516 
NA321010_B 0.015728 0.768459 0.215813 
NA322089_A 0.276522 0.617093 0.106385 
NA322089_B 0.17561 0.650168 0.174222 
NA322088_A 0.37114 0.310063 0.318797 
NA322088_B 0.233207 0.61489 0.151903 
NA322087_A 0.199607 0.687229 0.113165 
NA322087_B 0.284576 0.561511 0.153913 
NA322086_A 0.0720181 0.803628 0.124354 
NA322086_B 0.165383 0.67514 0.159478 
NA322085_A 0.22307 0.511546 0.265384 
NA322085_B 0.239773 0.48073 0.279497 
NA321009_A 0.233633 0.669947 0.0964194 
NA321009_B 0.345359 0.650385 0.00425603 
NA321008_A 0.221549 0.580792 0.19766 
NA321008_B 0.279695 0.632502 0.0878028 
NA321007_A 0.166754 0.573857 0.25939 
NA321007_B 0.262342 0.453012 0.284646 
NA321006_A 0.238693 0.477734 0.283573 
NA321006_B 0.0553333 0.349803 0.594864 
NA321098_A 0.692176 0.239879 0.0679453 
NA321098_B 0.182463 0.469747 0.34779 
NA321001_A 0.229232 0.404544 0.366224 
NA321001_B 0.161127 0.81126 0.0276135 
NA321097_A 0.241353 0.745858 0.0127889 
NA321097_B 0.192534 0.527439 0.280027 
NA201519_A 0.100032 0.741161 0.158806 
NA201519_B 0.0697021 0.790093 0.140204 
NA201518_A 0.000127073 0.80786 0.192013 
NA201518_B 0.319348 0.619887 0.0607654 
NA201549_A 0.100032 0.741161 0.158806 
NA201549_B 0.134257 0.784704 0.0810393 
NA201516_A 0.130926 0.804554 0.0645193 
NA201516_B 0.279695 0.632502 0.0878028 
NA201545_A 0.000127073 0.80786 0.192013 
NA201545_B 0.214193 0.526377 0.25943 
NA201543_A 0.139928 0.650301 0.20977 
NA201543_B 0.356498 0.552898 0.0906042 
NA202548_A 0.162956 0.758696 0.0783487 
NA202548_B 0.25179 0.717569 0.0306407 
NA202576_A 0.0565638 0.658277 0.285159 
NA202576_B 0.0411913 0.752722 0.206087 
NA202545_A 0.174488 0.492907 0.332605 
NA202545_B 0.270863 0.493685 0.235452 
NA202513_A 0.259257 0.687913 0.0528302 
NA202513_B 0.285943 0.525329 0.188728 
NA202512_A 0.326488 0.592466 0.0810463 
NA202512_B 0.26715 0.602919 0.129931 
NA202542_A 0.282228 0.66674 0.0510327 
NA202542_B 0.10262 0.752325 0.145054 
NA201604_A 0.161127 0.81126 0.0276135 
NA201604_B 0.259257 0.687913 0.0528302 
NA202541_A 0.0697021 0.790093 0.140204 
NA202541_B 0.214286 0.597148 0.188565 
NA201529_A 0.249433 0.521166 0.229401 
NA201529_B 0.326488 0.592466 0.0810463 
NA201558_A 0.0411913 0.752722 0.206087 
NA201558_B 0.0411913 0.752722 0.206087 
NA201601_A 0.21983 0.750981 0.029189 
NA201601_B 0.235196 0.639683 0.125121 
NA201555_A 0.292206 0.607133 0.100661 
NA201555_B 0.392242 0.445548 0.16221 
NA201524_A 0.326488 0.592466 0.0810463 
NA201524_B 0.33897 0.636088 0.0249422 
NA201523_A 0.175099 0.631732 0.193169 
NA201523_B 0.204873 0.615224 0.179902 
NA202559_A 0.231046 0.564396 0.204558 
NA202559_B 0.287962 0.670537 0.0415011 
NA202528_A 0.319348 0.619887 0.0607654 
NA202528_B 0.259257 0.687913 0.0528302 
NA201520_A 0.259055 0.563802 0.177143 
NA201520_B 0.189747 0.519533 0.290721 
NA202553_A 0.319348 0.619887 0.0607654 
NA202553_B 0.000127073 0.80786 0.192013 
NA202522_A 0.0411913 0.752722 0.206087 
NA202522_B 0.160674 0.512815 0.326511 
NA202520_A 0.319348 0.619887 0.0607654 
NA202520_B 0.161127 0.81126 0.0276135 
NA201538_A 0.22615 0.654378 0.119473 
NA201538_B 0.191625 0.540101 0.268274 
NA201569_A 0.279695 0.632502 0.0878028 
NA201569_B 0.0697792 0.823159 0.107062 
NA201565_A 0.0970299 0.653124 0.249846 
NA201565_B 0.204873 0.615224 0.179902 
NA202597_A 0.254666 0.633715 0.111619 
NA202597_B 0.0970299 0.653124 0.249846 
